28
29
1111111111111111111111111111
1000000000000110000000000001
1011110111110110111110111101
1011110111110110111110111101
1011110111110110111110111101
1000000000000000000000000001
1011110110111111110110111101
1011110110111111110110111101
1000000110000110000110000001
1111110111110110111110111111
3333310111110110111110133333
3333310110000000000110133333
3333310110111221110110133333
1111110110100000010110111111
0000000000100000010000000000
1111110110100000010110111111
3333310110111111110110133333
3333310110000000000110133333
3333310111110110111110133333
1111110111110110111110111111
1000000110000110000110000001
1011110110111111110110111101
1011110110111111110110111101
1000000000000000000000000001
1011110111110110111110111101
1011110111110110111110111101
1011110111110110111110111101
1000000000000110000000000001
1111111111111111111111111111

0000000000000000000000000000
0444444444444004444444444440
0400004000004004000004000040
0600004000004004000004000060
0400004000004004000004000040
0444444444444444444444444440
0400004004000000004004000040
0400004004000000004004000040
0444444004444004444004444440
0000004000000000000004000000
0000004000000000000004000000
0000004000000000000004000000
0000004000000000000004000000
0000004000000000000004000000
0000004000009900000004000000
0000004000000000000004000000
0000004000000000000004000000
0000004000000080000004000000
0000004000000000000004000000
0000004000000000000004000000
0444444004444004444004444440
0400004004000000004004000040
0400004004000000004004000040
0444444444444444444444444440
0400004000004004000004000040
0600004000004004000004000060
0400004000004004000004000040
0444444444444004444444444440
0000000000000000000000000000
